   0  1.852  1.852
   1  1.638  1.671
   2  1.627  1.685
   3  1.617  1.676
   4  1.605  1.661
   5  1.638  1.694
   6  1.661  1.668
   7  1.704  1.694
   8  1.910  1.796
   9  2.132  2.025
  10  2.881  2.265
  11  2.993  2.332
  12  1.885  1.918
  13  1.593  1.593
  14  1.473  1.394
  15  1.420  1.290
  16  1.393  1.254
  17  1.390  1.237
  18  1.384  1.229
  19  1.386  1.241
  20  1.390  1.231
  21  1.393  1.242
  22  1.394  1.243
  23  1.395  1.253
  24  1.393  1.244
  25  1.398  1.257
  26  1.399  1.254
  27  1.399  1.267
  28  1.404  1.269
  29  1.405  1.286
  30  1.412  1.293
  31  1.418  1.301
  32  1.421  1.319
  33  1.418  1.326
  34  1.419  1.325
  35  1.414  1.329
  36  1.414  1.336
  37  1.414  1.349
  38  1.416  1.364
  39  1.420  1.374
  40  1.416  1.377
  41  1.409  1.374
  42  1.418  1.391
  43  1.439  1.421
  44  1.461  1.451
  45  1.492  1.485
  46  1.506  1.505
  47  1.489  1.498
  48  1.438  1.459
  49  1.381  1.405
  50  1.332  1.355
  51  1.299  1.319
  52  1.284  1.300
  53  1.288  1.302
  54  1.304  1.315
  55  1.319  1.325
  56  1.330  1.332
  57  1.347  1.346
  58  1.368  1.369
  59  1.389  1.392
  60  1.411  1.411
  61  1.422  1.419
  62  1.413  1.405
  63  1.381  1.367
  64  1.336  1.314
  65  1.286  1.255
  66  1.245  1.205
  67  1.219  1.173
  68  1.211  1.161
  69  1.214  1.161
  70  1.216  1.160
  71  1.212  1.154
  72  1.208  1.146
  73  1.203  1.136
  74  1.196  1.125
  75  1.172  1.097
  76  1.148  1.071
  77  1.146  1.067
  78  1.165  1.086
  79  1.189  1.111
  80  1.220  1.143
  81  1.221  1.146
  82  1.165  1.091
  83  1.065  0.995
  84  0.966  0.903
  85  0.892  0.836
  86  0.846  0.796
  87  0.825  0.778
  88  0.820  0.776
  89  0.827  0.782
  90  0.838  0.794
  91  0.850  0.807
  92  0.861  0.818
  93  0.867  0.826
  94  0.868  0.829
  95  0.869  0.831
  96  0.870  0.833
  97  0.870  0.834
  98  0.870  0.835
  99  0.870  0.835
 100  0.870  0.835
 101  0.870  0.835
 102  0.870  0.835
 103  0.870  0.835
 104  0.870  0.835
 105  0.870  0.835
 106  0.870  0.835
 107  0.870  0.835
 108  0.870  0.835
 109  0.870  0.835
 110  0.870  0.835
 111  0.870  0.835
 112  0.870  0.835
 113  0.870  0.835
 114  0.870  0.835
 115  0.870  0.835
 116  0.870  0.835
 117  0.870  0.852
 118  0.870  0.870
 119  0.870  0.870
