   0  1.632  1.633
   1  1.317  1.356
   2  1.313  1.376
   3  1.331  1.375
   4  1.298  1.373
   5  1.250  1.315
   6  1.221  1.224
   7  1.252  1.247
   8  1.402  1.404
   9  2.197  1.668
  10  5.632  2.150
  11  5.632  2.246
  12  2.096  1.769
  13  1.166  1.217
  14  0.898  0.919
  15  0.794  0.768
  16  0.752  0.710
  17  0.736  0.686
  18  0.731  0.673
  19  0.735  0.681
  20  0.735  0.693
  21  0.737  0.703
  22  0.740  0.711
  23  0.743  0.718
  24  0.745  0.716
  25  0.751  0.726
  26  0.758  0.730
  27  0.762  0.745
  28  0.766  0.748
  29  0.772  0.764
  30  0.779  0.776
  31  0.785  0.789
  32  0.795  0.804
  33  0.800  0.811
  34  0.806  0.816
  35  0.815  0.830
  36  0.825  0.839
  37  0.835  0.846
  38  0.844  0.854
  39  0.854  0.866
  40  0.863  0.872
  41  0.870  0.881
  42  0.881  0.892
  43  0.897  0.907
  44  0.914  0.922
  45  0.934  0.941
  46  0.947  0.952
  47  0.947  0.955
  48  0.932  0.949
  49  0.912  0.939
  50  0.894  0.927
  51  0.885  0.920
  52  0.885  0.922
  53  0.897  0.932
  54  0.917  0.949
  55  0.930  0.956
  56  0.938  0.958
  57  0.963  0.978
  58  1.005  1.019
  59  1.052  1.064
  60  1.104  1.111
  61  1.129  1.129
  62  1.099  1.093
  63  1.011  1.007
  64  0.902  0.903
  65  0.800  0.808
  66  0.728  0.743
  67  0.688  0.706
  68  0.678  0.698
  69  0.686  0.705
  70  0.696  0.713
  71  0.701  0.716
  72  0.703  0.715
  73  0.701  0.711
  74  0.696  0.705
  75  0.683  0.686
  76  0.670  0.669
  77  0.672  0.671
  78  0.690  0.694
  79  0.711  0.721
  80  0.737  0.755
  81  0.744  0.764
  82  0.713  0.724
  83  0.647  0.643
  84  0.576  0.559
  85  0.520  0.496
  86  0.485  0.458
  87  0.470  0.442
  88  0.469  0.441
  89  0.477  0.451
  90  0.489  0.465
  91  0.502  0.480
  92  0.513  0.494
  93  0.521  0.504
  94  0.524  0.509
  95  0.526  0.513
  96  0.528  0.516
  97  0.529  0.518
  98  0.530  0.519
  99  0.530  0.519
 100  0.530  0.519
 101  0.530  0.519
 102  0.530  0.519
 103  0.530  0.519
 104  0.530  0.519
 105  0.530  0.519
 106  0.530  0.519
 107  0.530  0.519
 108  0.530  0.519
 109  0.530  0.519
 110  0.530  0.519
 111  0.530  0.519
 112  0.530  0.519
 113  0.530  0.519
 114  0.530  0.519
 115  0.530  0.519
 116  0.530  0.519
 117  0.530  0.527
 118  0.530  0.530
 119  0.530  0.530
