   0  1.312  1.314
   1  0.920  0.965
   2  0.931  0.971
   3  0.930  0.955
   4  0.932  0.933
   5  0.859  0.877
   6  0.797  0.853
   7  0.747  0.817
   8  0.865  0.873
   9  1.235  0.980
  10  2.598  1.233
  11  3.270  1.369
  12  1.399  1.109
  13  0.748  0.768
  14  0.538  0.577
  15  0.458  0.485
  16  0.417  0.435
  17  0.402  0.406
  18  0.403  0.401
  19  0.408  0.414
  20  0.411  0.420
  21  0.413  0.423
  22  0.417  0.427
  23  0.417  0.432
  24  0.417  0.427
  25  0.418  0.428
  26  0.421  0.431
  27  0.425  0.434
  28  0.424  0.436
  29  0.425  0.435
  30  0.427  0.435
  31  0.428  0.435
  32  0.433  0.435
  33  0.433  0.434
  34  0.437  0.434
  35  0.442  0.435
  36  0.446  0.434
  37  0.449  0.436
  38  0.453  0.435
  39  0.455  0.437
  40  0.455  0.436
  41  0.456  0.433
  42  0.458  0.434
  43  0.463  0.441
  44  0.469  0.447
  45  0.477  0.454
  46  0.480  0.456
  47  0.473  0.449
  48  0.457  0.430
  49  0.437  0.407
  50  0.419  0.383
  51  0.407  0.365
  52  0.400  0.354
  53  0.400  0.351
  54  0.403  0.352
  55  0.404  0.352
  56  0.404  0.350
  57  0.407  0.353
  58  0.413  0.360
  59  0.420  0.369
  60  0.428  0.378
  61  0.430  0.382
  62  0.420  0.373
  63  0.396  0.350
  64  0.366  0.322
  65  0.336  0.294
  66  0.313  0.275
  67  0.300  0.264
  68  0.297  0.263
  69  0.299  0.268
  70  0.303  0.273
  71  0.305  0.278
  72  0.306  0.280
  73  0.306  0.281
  74  0.305  0.281
  75  0.301  0.278
  76  0.297  0.275
  77  0.300  0.280
  78  0.308  0.291
  79  0.318  0.304
  80  0.330  0.319
  81  0.335  0.327
  82  0.326  0.318
  83  0.304  0.296
  84  0.277  0.270
  85  0.255  0.249
  86  0.241  0.236
  87  0.236  0.232
  88  0.237  0.234
  89  0.242  0.240
  90  0.249  0.248
  91  0.256  0.256
  92  0.262  0.263
  93  0.266  0.268
  94  0.268  0.270
  95  0.269  0.273
  96  0.270  0.274
  97  0.271  0.275
  98  0.271  0.276
  99  0.271  0.276
 100  0.271  0.276
 101  0.271  0.276
 102  0.271  0.276
 103  0.271  0.276
 104  0.271  0.276
 105  0.271  0.276
 106  0.271  0.276
 107  0.271  0.276
 108  0.271  0.276
 109  0.271  0.276
 110  0.271  0.276
 111  0.271  0.276
 112  0.271  0.276
 113  0.271  0.276
 114  0.271  0.276
 115  0.271  0.276
 116  0.271  0.272
 117  0.271  0.271
 118  0.271  0.271
 119  0.271  0.271
