   5  0.877  0.885  0.893  0.901  0.909  0.917  0.926  0.935  0.000  0.943  1.905  0.000  0.971  0.980  0.990  1.000  1.010  0.000  1.020  1.031  1.042  1.053  1.064  1.075  0.000  1.087  1.099  0.000  1.111  1.124  1.136  1.149  0.000  1.163  0.000  1.176  1.190  1.205  1.220  0.000  1.235  1.250  0.000  1.266  1.282  0.000  1.299  0.000  1.316  1.333
  10  2.632  0.000  2.703  2.778  0.000  2.857  2.941  0.000  3.030  3.125  3.226  0.000  3.333  0.000  3.448  3.571  0.000  3.704  3.846  0.000  4.000  0.000  4.167  4.348  0.000  4.545  0.000  4.762  0.000  0.000  5.000  5.263  0.000  5.556  0.000  5.882  0.000  6.250  0.000  0.000  6.667  0.000  7.143  0.000  0.000  7.692  8.333  0.000  9.091  0.000
  15  0.466  0.468  0.471  0.473  0.475  0.477  0.480  0.482  0.484  0.243  0.488  0.490  0.493  0.495  0.498  0.250  0.501  0.504  0.506  0.509  0.512  0.257  0.515  0.518  0.260  0.522  0.525  0.528  0.531  0.267  0.535  0.538  0.270  0.542  0.545  0.274  0.549  0.276  0.554  0.557  0.280  0.562  0.565  0.284  0.570  0.287  0.575  0.289  0.580  0.583
  20  0.356  0.447  0.449  0.361  0.362  0.454  0.456  0.367  0.460  0.370  0.371  0.466  0.374  0.469  0.377  0.379  0.475  0.382  0.384  0.481  0.387  0.388  0.390  0.391  0.491  0.395  0.396  0.398  0.400  0.401  0.403  0.404  0.406  0.408  0.409  0.514  0.310  0.415  0.416  0.418  0.420  0.421  0.423  0.425  0.320  0.428  0.430  0.432  0.434  0.436
  25  0.441  0.369  0.445  0.372  0.448  0.450  0.377  0.454  0.380  0.458  0.383  0.462  0.387  0.388  0.468  0.392  0.472  0.395  0.397  0.398  0.480  0.402  0.403  0.486  0.407  0.408  0.410  0.412  0.414  0.415  0.417  0.419  0.421  0.422  0.424  0.426  0.428  0.430  0.431  0.347  0.435  0.437  0.439  0.352  0.442  0.444  0.357  0.448  0.360  0.451
  30  0.472  0.395  0.397  0.478  0.400  0.482  0.404  0.405  0.407  0.490  0.411  0.412  0.414  0.416  0.501  0.419  0.421  0.423  0.425  0.427  0.428  0.430  0.432  0.434  0.436  0.438  0.440  0.353  0.443  0.445  0.447  0.449  0.361  0.453  0.455  0.366  0.459  0.461  0.370  0.465  0.373  0.469  0.471  0.378  0.475  0.382  0.383  0.481  0.386  0.388
  35  0.452  0.454  0.456  0.458  0.383  0.462  0.464  0.466  0.390  0.470  0.472  0.396  0.477  0.479  0.401  0.403  0.485  0.487  0.408  0.410  0.494  0.414  0.498  0.417  0.419  0.421  0.507  0.425  0.427  0.428  0.430  0.432  0.434  0.523  0.438  0.440  0.354  0.532  0.446  0.448  0.450  0.362  0.454  0.456  0.458  0.460  0.370  0.464  0.466  0.375
  40  0.420  0.475  0.477  0.426  0.481  0.484  0.432  0.488  0.436  0.493  0.440  0.442  0.499  0.446  0.448  0.450  0.452  0.454  0.456  0.458  0.461  0.463  0.465  0.409  0.469  0.471  0.473  0.476  0.418  0.480  0.422  0.484  0.426  0.489  0.430  0.432  0.495  0.436  0.438  0.502  0.442  0.444  0.446  0.448  0.450  0.452  0.454  0.456  0.458  0.394
  45  0.466  0.502  0.470  0.473  0.475  0.477  0.479  0.482  0.484  0.452  0.489  0.491  0.458  0.496  0.498  0.465  0.467  0.469  0.472  0.474  0.513  0.442  0.518  0.446  0.485  0.488  0.490  0.455  0.495  0.459  0.461  0.502  0.465  0.507  0.470  0.472  0.474  0.477  0.479  0.481  0.484  0.446  0.488  0.491  0.452  0.495  0.456  0.500  0.461  0.463
  50  0.440  0.442  0.444  0.427  0.429  0.450  0.432  0.434  0.436  0.418  0.440  0.422  0.424  0.446  0.427  0.429  0.411  0.433  0.414  0.436  0.418  0.419  0.421  0.423  0.425  0.405  0.428  0.409  0.432  0.412  0.414  0.394  0.417  0.419  0.421  0.400  0.402  0.403  0.427  0.407  0.408  0.410  0.389  0.413  0.392  0.417  0.395  0.397  0.398  0.400
  55  0.423  0.439  0.427  0.428  0.430  0.432  0.419  0.421  0.423  0.424  0.426  0.413  0.414  0.432  0.402  0.420  0.406  0.423  0.409  0.411  0.413  0.398  0.416  0.402  0.403  0.405  0.407  0.392  0.410  0.395  0.397  0.398  0.400  0.385  0.403  0.388  0.389  0.391  0.392  0.377  0.395  0.380  0.398  0.383  0.384  0.368  0.387  0.388  0.372  0.374
  60  0.463  0.454  0.456  0.458  0.449  0.451  0.453  0.455  0.446  0.448  0.439  0.452  0.442  0.444  0.435  0.437  0.438  0.440  0.430  0.444  0.422  0.436  0.426  0.428  0.429  0.431  0.421  0.423  0.424  0.426  0.415  0.417  0.419  0.421  0.410  0.424  0.413  0.415  0.403  0.405  0.420  0.408  0.397  0.412  0.400  0.402  0.403  0.405  0.393  0.408
  65  0.362  0.363  0.357  0.358  0.359  0.353  0.362  0.347  0.357  0.350  0.351  0.352  0.346  0.347  0.348  0.349  0.342  0.344  0.345  0.338  0.339  0.340  0.341  0.334  0.335  0.336  0.337  0.330  0.331  0.332  0.325  0.334  0.327  0.328  0.329  0.321  0.322  0.324  0.325  0.317  0.327  0.319  0.311  0.321  0.322  0.314  0.315  0.307  0.317  0.309
  70  0.324  0.325  0.321  0.322  0.323  0.319  0.320  0.321  0.317  0.313  0.319  0.310  0.316  0.312  0.313  0.309  0.315  0.305  0.312  0.302  0.308  0.309  0.305  0.300  0.307  0.297  0.303  0.298  0.299  0.300  0.296  0.297  0.297  0.293  0.294  0.289  0.295  0.291  0.292  0.287  0.288  0.288  0.289  0.284  0.285  0.286  0.281  0.282  0.283  0.283
  75  0.325  0.323  0.321  0.322  0.320  0.318  0.319  0.317  0.315  0.316  0.314  0.315  0.312  0.310  0.311  0.309  0.310  0.308  0.305  0.306  0.304  0.301  0.302  0.303  0.301  0.299  0.299  0.297  0.298  0.295  0.296  0.294  0.295  0.292  0.293  0.290  0.288  0.292  0.289  0.283  0.288  0.285  0.286  0.283  0.284  0.281  0.282  0.279  0.280  0.277
  80  0.359  0.356  0.357  0.355  0.354  0.351  0.351  0.352  0.347  0.348  0.348  0.345  0.344  0.343  0.340  0.342  0.339  0.338  0.337  0.336  0.335  0.334  0.333  0.330  0.331  0.328  0.327  0.328  0.325  0.324  0.325  0.322  0.321  0.320  0.321  0.317  0.316  0.315  0.316  0.315  0.311  0.312  0.309  0.310  0.309  0.307  0.306  0.305  0.306  0.302
  85  0.273  0.270  0.271  0.269  0.269  0.269  0.267  0.268  0.265  0.266  0.265  0.264  0.262  0.263  0.263  0.261  0.261  0.260  0.258  0.259  0.257  0.257  0.256  0.256  0.255  0.255  0.253  0.254  0.252  0.252  0.252  0.249  0.251  0.248  0.249  0.248  0.248  0.246  0.246  0.246  0.244  0.245  0.244  0.242  0.243  0.241  0.241  0.241  0.240  0.239
  90  0.262  0.262  0.261  0.261  0.260  0.260  0.259  0.259  0.258  0.258  0.257  0.256  0.256  0.255  0.255  0.254  0.254  0.254  0.252  0.252  0.252  0.251  0.251  0.250  0.249  0.249  0.249  0.248  0.247  0.247  0.246  0.246  0.245  0.245  0.244  0.244  0.244  0.243  0.241  0.243  0.241  0.240  0.241  0.239  0.239  0.238  0.239  0.237  0.237  0.237
  95  0.282  0.283  0.281  0.281  0.279  0.280  0.279  0.278  0.278  0.277  0.277  0.277  0.276  0.275  0.274  0.274  0.275  0.273  0.272  0.272  0.271  0.272  0.270  0.270  0.270  0.269  0.267  0.269  0.267  0.267  0.266  0.266  0.265  0.265  0.264  0.263  0.264  0.262  0.262  0.262  0.260  0.260  0.260  0.260  0.259  0.258  0.258  0.257  0.257  0.256
 100  0.283  0.285  0.282  0.282  0.280  0.283  0.280  0.280  0.280  0.278  0.279  0.278  0.278  0.277  0.276  0.276  0.277  0.275  0.274  0.273  0.274  0.275  0.270  0.273  0.272  0.271  0.269  0.271  0.269  0.269  0.267  0.269  0.267  0.269  0.265  0.265  0.267  0.263  0.264  0.264  0.262  0.262  0.262  0.263  0.260  0.260  0.260  0.260  0.259  0.259
 105  0.282  0.285  0.282  0.282  0.281  0.283  0.280  0.280  0.280  0.278  0.279  0.278  0.278  0.277  0.276  0.276  0.277  0.275  0.274  0.274  0.274  0.275  0.270  0.273  0.271  0.271  0.269  0.271  0.269  0.269  0.267  0.269  0.266  0.268  0.265  0.265  0.267  0.263  0.264  0.264  0.262  0.262  0.262  0.263  0.260  0.260  0.260  0.259  0.259  0.259
 110  0.282  0.285  0.282  0.282  0.281  0.282  0.280  0.280  0.280  0.278  0.279  0.278  0.278  0.277  0.276  0.276  0.277  0.275  0.274  0.273  0.274  0.274  0.270  0.273  0.271  0.271  0.269  0.271  0.269  0.269  0.267  0.269  0.267  0.268  0.265  0.265  0.267  0.264  0.264  0.264  0.262  0.262  0.262  0.263  0.260  0.260  0.260  0.259  0.259  0.259
 115  0.282  0.285  0.282  0.282  0.281  0.283  0.280  0.280  0.280  0.278  0.279  0.278  0.278  0.277  0.276  0.276  0.277  0.275  0.274  0.274  0.274  0.275  0.270  0.273  0.271  0.271  0.269  0.271  0.269  0.269  0.267  0.269  0.266  0.268  0.265  0.265  0.267  0.263  0.264  0.264  0.262  0.262  0.262  0.263  0.260  0.260  0.260  0.260  0.259  0.259
