   5  1.471  1.493  1.515  1.538  1.562  1.587  1.613  1.639  0.000  1.667  1.695  1.724  0.000  1.754  1.786  1.818  0.000  1.852  1.887  1.923  1.961  0.000  2.000  0.000  2.041  2.083  0.000  2.128  0.000  2.174  0.000  2.222  2.273  0.000  2.326  0.000  2.381  0.000  2.439  2.500  0.000  2.564  0.000  0.000  2.632  0.000  2.703  0.000  2.778  0.000
  10  2.381  2.439  2.500  0.000  2.564  2.632  2.703  2.778  0.000  2.857  0.000  2.941  3.030  3.125  0.000  3.226  0.000  3.333  0.000  3.448  3.571  0.000  3.704  0.000  3.846  4.000  0.000  4.167  0.000  0.000  4.348  0.000  4.545  0.000  4.762  0.000  0.000  5.000  0.000  5.263  0.000  0.000  5.556  0.000  5.882  0.000  0.000  6.250  0.000  6.667
  15  0.571  1.149  0.581  1.170  0.592  0.595  1.198  0.606  0.610  1.227  0.621  0.625  0.629  1.266  0.641  0.645  0.649  0.654  1.316  0.667  0.671  0.676  0.680  0.685  0.690  1.389  0.704  0.709  0.714  0.719  0.725  0.730  0.735  0.741  0.746  0.752  0.758  0.763  0.769  0.775  0.781  0.787  0.794  0.800  0.806  0.813  0.820  0.826  0.833  0.000
  20  0.581  0.877  0.590  0.890  0.599  0.602  0.909  0.612  0.615  0.929  0.625  0.629  0.633  0.637  0.962  0.647  0.651  0.656  0.660  0.664  0.669  0.673  1.017  0.685  0.345  0.692  1.045  0.352  1.060  0.357  0.717  0.722  0.727  0.733  0.738  0.743  0.375  0.752  0.758  0.763  0.769  0.388  0.778  0.784  0.791  0.398  0.800  0.806  0.813  0.410
  25  0.955  0.723  0.728  0.489  0.983  0.744  0.750  0.756  0.761  0.512  0.771  0.777  0.783  0.789  0.796  0.535  0.806  0.813  0.546  0.824  0.831  0.559  0.843  0.567  0.855  0.575  0.867  0.583  0.880  0.592  0.893  0.601  0.604  0.912  0.613  0.617  0.621  0.938  0.631  0.635  0.639  0.965  0.649  0.654  0.658  0.993  0.669  0.673  0.678  0.683
  30  0.641  0.860  0.868  0.656  0.881  0.889  0.673  0.903  0.683  0.917  0.694  0.932  0.706  0.711  0.955  0.723  0.728  0.733  0.739  0.744  1.000  0.758  0.763  0.769  0.775  0.781  0.787  0.794  0.800  0.806  0.813  0.546  0.824  0.831  0.838  0.563  0.850  0.857  0.865  0.581  0.585  0.882  0.890  0.599  0.904  0.608  0.917  0.617  0.932  0.627
  35  0.974  0.820  0.826  0.833  0.840  0.847  0.855  0.862  0.870  0.877  0.885  0.714  0.899  0.907  0.733  0.923  0.931  0.752  0.758  0.954  0.771  0.777  0.978  0.791  0.797  0.803  0.810  0.816  0.823  0.830  0.837  0.844  0.851  0.858  0.649  0.871  0.659  0.885  0.893  0.901  0.682  0.915  0.693  0.698  0.937  0.709  0.714  0.959  0.726  0.976
  40  0.884  0.892  0.900  0.908  0.916  0.925  0.934  0.942  0.846  0.853  0.968  0.869  0.876  0.994  0.781  0.900  0.908  0.916  0.809  0.932  0.941  0.831  0.838  0.845  0.974  0.861  0.868  0.876  0.884  0.764  0.899  0.907  0.784  0.922  0.798  0.938  0.812  0.819  0.825  0.971  0.840  0.706  0.853  0.861  0.868  0.876  0.884  0.743  0.898  0.755
  45  1.004  0.954  1.023  0.912  0.982  0.992  0.939  1.011  0.958  0.967  0.911  0.986  0.995  0.938  0.947  0.956  0.966  0.905  0.984  0.923  0.931  0.940  1.022  0.885  0.967  0.902  0.986  0.919  0.927  0.936  0.945  0.874  0.962  0.891  0.980  0.908  0.916  0.924  0.933  0.856  0.950  0.959  0.880  0.888  0.896  0.904  0.912  0.921  0.929  0.938
  50  1.006  1.017  0.984  0.951  1.003  0.970  0.979  0.989  0.953  1.008  0.926  0.981  0.944  0.953  0.962  0.971  0.932  0.941  1.000  0.909  0.917  0.977  0.883  0.943  0.952  0.908  0.916  0.924  0.933  0.886  0.950  0.903  0.911  0.862  0.928  0.878  0.885  0.893  0.901  0.910  0.857  0.864  0.934  0.880  0.824  0.895  0.839  0.911  0.854  0.861
  55  1.024  1.034  1.045  1.021  1.031  1.042  1.017  0.990  1.000  1.048  0.983  0.993  1.003  1.013  0.984  0.994  0.964  0.973  0.983  0.993  0.961  0.970  0.937  0.989  0.912  0.964  0.973  0.938  0.947  0.911  0.965  0.928  0.890  0.945  0.954  0.915  0.924  0.883  0.941  0.900  0.908  0.865  0.924  0.881  0.889  0.897  0.905  0.859  0.867  0.929
  60  1.197  1.187  1.176  1.165  1.205  1.167  1.155  1.168  1.155  1.169  1.155  1.141  1.154  1.139  1.152  1.136  1.149  1.133  1.116  1.128  1.141  1.123  1.104  1.117  1.097  1.109  1.122  1.101  1.113  1.092  1.069  1.081  1.093  1.069  1.117  1.056  1.068  1.079  1.091  1.065  1.038  1.088  1.060  1.032  1.043  1.054  1.065  1.035  1.046  1.015
  65  0.887  0.895  0.873  0.880  0.888  0.881  0.857  0.881  0.857  0.864  0.855  0.846  0.854  0.845  0.835  0.842  0.832  0.839  0.829  0.819  0.825  0.814  0.821  0.810  0.817  0.805  0.793  0.799  0.787  0.793  0.800  0.787  0.774  0.780  0.786  0.772  0.758  0.764  0.770  0.756  0.761  0.747  0.773  0.737  0.742  0.748  0.732  0.759  0.721  0.727
  70  0.792  0.789  0.787  0.793  0.773  0.779  0.776  0.773  0.761  0.766  0.754  0.759  0.746  0.752  0.748  0.744  0.730  0.736  0.731  0.737  0.722  0.717  0.722  0.717  0.702  0.717  0.701  0.706  0.701  0.695  0.689  0.694  0.688  0.682  0.675  0.680  0.684  0.667  0.671  0.664  0.669  0.661  0.654  0.659  0.651  0.655  0.648  0.640  0.644  0.636
  75  0.778  0.763  0.764  0.765  0.755  0.755  0.750  0.745  0.740  0.740  0.729  0.729  0.729  0.723  0.723  0.716  0.710  0.709  0.709  0.696  0.701  0.694  0.693  0.686  0.691  0.677  0.682  0.674  0.672  0.671  0.663  0.661  0.665  0.657  0.648  0.652  0.650  0.641  0.645  0.636  0.633  0.637  0.628  0.632  0.622  0.619  0.623  0.613  0.616  0.606
  80  0.867  0.864  0.856  0.850  0.847  0.841  0.838  0.831  0.828  0.821  0.817  0.813  0.806  0.801  0.800  0.792  0.788  0.783  0.781  0.773  0.771  0.765  0.764  0.754  0.756  0.750  0.743  0.741  0.734  0.732  0.729  0.722  0.723  0.716  0.712  0.709  0.701  0.702  0.698  0.690  0.690  0.686  0.682  0.678  0.674  0.674  0.669  0.664  0.659  0.659
  85  0.560  0.557  0.553  0.552  0.548  0.545  0.543  0.539  0.537  0.535  0.529  0.529  0.527  0.523  0.522  0.518  0.515  0.513  0.510  0.508  0.507  0.502  0.499  0.498  0.497  0.492  0.491  0.488  0.487  0.482  0.482  0.479  0.478  0.474  0.473  0.471  0.468  0.466  0.462  0.463  0.459  0.459  0.453  0.453  0.452  0.450  0.448  0.446  0.444  0.442
  90  0.515  0.513  0.511  0.509  0.506  0.504  0.502  0.500  0.497  0.495  0.494  0.491  0.489  0.487  0.485  0.484  0.480  0.479  0.477  0.475  0.473  0.470  0.469  0.467  0.464  0.462  0.462  0.459  0.457  0.455  0.453  0.452  0.449  0.448  0.445  0.443  0.442  0.440  0.438  0.436  0.434  0.433  0.431  0.429  0.426  0.426  0.424  0.422  0.421  0.419
  95  0.568  0.567  0.564  0.563  0.560  0.557  0.555  0.553  0.550  0.548  0.546  0.542  0.542  0.538  0.537  0.534  0.531  0.529  0.526  0.524  0.522  0.520  0.519  0.514  0.514  0.511  0.509  0.505  0.505  0.502  0.501  0.496  0.496  0.493  0.492  0.488  0.487  0.485  0.483  0.480  0.478  0.476  0.475  0.472  0.470  0.468  0.466  0.464  0.462  0.459
 100  0.573  0.574  0.570  0.568  0.566  0.564  0.561  0.558  0.556  0.555  0.552  0.547  0.549  0.544  0.543  0.541  0.537  0.535  0.532  0.531  0.528  0.526  0.525  0.520  0.521  0.517  0.515  0.510  0.512  0.507  0.508  0.502  0.502  0.500  0.498  0.494  0.493  0.492  0.489  0.486  0.483  0.482  0.482  0.479  0.475  0.475  0.472  0.471  0.468  0.465
 105  0.573  0.574  0.570  0.569  0.566  0.564  0.561  0.558  0.555  0.555  0.552  0.548  0.548  0.544  0.543  0.541  0.537  0.535  0.532  0.531  0.529  0.526  0.525  0.520  0.521  0.517  0.515  0.511  0.512  0.507  0.508  0.501  0.503  0.500  0.499  0.494  0.493  0.492  0.489  0.486  0.483  0.482  0.481  0.479  0.476  0.475  0.472  0.471  0.468  0.465
 110  0.573  0.574  0.570  0.569  0.566  0.564  0.561  0.558  0.556  0.554  0.552  0.547  0.549  0.544  0.543  0.540  0.537  0.535  0.532  0.531  0.528  0.526  0.525  0.520  0.521  0.517  0.515  0.511  0.512  0.507  0.508  0.501  0.503  0.499  0.499  0.494  0.493  0.492  0.489  0.486  0.483  0.482  0.482  0.478  0.476  0.475  0.472  0.471  0.468  0.465
 115  0.573  0.574  0.570  0.569  0.566  0.564  0.561  0.558  0.556  0.554  0.552  0.547  0.549  0.544  0.543  0.541  0.537  0.535  0.532  0.531  0.528  0.526  0.525  0.520  0.521  0.517  0.516  0.511  0.512  0.507  0.508  0.501  0.502  0.499  0.498  0.494  0.493  0.492  0.489  0.486  0.483  0.482  0.482  0.479  0.476  0.475  0.472  0.471  0.468  0.465
