   5  1.190  0.000  1.205  1.220  0.000  1.235  1.250  0.000  1.266  1.282  1.299  1.316  0.000  1.333  1.351  1.370  0.000  1.389  0.000  0.000  1.408  1.429  1.449  0.000  1.471  1.493  0.000  1.515  0.000  1.538  1.562  0.000  0.000  1.587  0.000  1.613  0.000  1.639  1.667  0.000  1.695  0.000  1.724  0.000  1.754  0.000  1.786  0.000  1.818  0.000
  10  0.000  1.786  1.818  0.000  1.852  1.887  0.000  1.923  0.000  1.961  2.000  0.000  2.041  2.083  0.000  2.128  0.000  2.174  2.222  0.000  2.273  0.000  2.326  0.000  2.381  0.000  2.439  0.000  2.500  0.000  2.564  0.000  2.632  0.000  2.703  0.000  0.000  2.778  0.000  2.857  0.000  2.941  0.000  3.030  0.000  0.000  3.125  0.000  3.226  0.000
  15  0.490  0.493  0.495  0.498  0.500  0.503  0.505  0.508  0.510  0.513  0.515  0.518  0.000  0.521  0.524  0.526  0.529  0.532  0.535  0.538  0.541  0.543  0.546  0.549  0.000  0.552  0.556  0.559  0.562  0.565  0.568  0.000  0.571  0.575  0.578  0.000  0.581  0.585  0.588  0.592  0.000  0.595  0.599  0.602  0.606  0.610  0.613  0.000  0.617  0.621
  20  0.513  0.258  0.517  0.260  0.521  0.262  0.525  0.528  0.265  0.532  0.535  0.269  0.539  0.271  0.543  0.273  0.548  0.275  0.552  0.278  0.557  0.280  0.562  0.282  0.567  0.285  0.571  0.287  0.576  0.290  0.581  0.292  0.293  0.588  0.296  0.593  0.299  0.299  0.601  0.302  0.606  0.305  0.306  0.613  0.309  0.310  0.621  0.313  0.313  0.629
  25  0.419  0.211  0.633  0.425  0.426  0.428  0.430  0.432  0.434  0.436  0.438  0.220  0.661  0.443  0.223  0.670  0.449  0.451  0.227  0.455  0.457  0.459  0.461  0.463  0.233  0.466  0.468  0.471  0.473  0.475  0.477  0.240  0.481  0.483  0.485  0.488  0.245  0.491  0.494  0.248  0.498  0.500  0.503  0.253  0.506  0.509  0.256  0.513  0.515  0.259
  30  0.363  0.546  0.366  0.551  0.370  0.371  0.372  0.561  0.376  0.566  0.380  0.381  0.382  0.576  0.386  0.388  0.389  0.586  0.393  0.394  0.396  0.398  0.599  0.402  0.403  0.405  0.407  0.612  0.411  0.412  0.414  0.416  0.418  0.419  0.421  0.423  0.425  0.426  0.428  0.430  0.432  0.434  0.436  0.438  0.440  0.442  0.443  0.445  0.447  0.449
  35  0.405  0.407  0.544  0.410  0.412  0.414  0.416  0.417  0.559  0.421  0.423  0.425  0.427  0.429  0.430  0.432  0.434  0.436  0.438  0.440  0.442  0.444  0.446  0.448  0.450  0.301  0.453  0.455  0.457  0.459  0.462  0.464  0.466  0.312  0.469  0.472  0.316  0.475  0.478  0.480  0.322  0.484  0.486  0.326  0.490  0.493  0.330  0.497  0.333  0.501
  40  0.481  0.403  0.485  0.406  0.408  0.491  0.412  0.413  0.498  0.417  0.419  0.505  0.423  0.424  0.426  0.428  0.430  0.432  0.434  0.436  0.437  0.439  0.441  0.443  0.445  0.447  0.449  0.361  0.453  0.455  0.457  0.367  0.461  0.463  0.372  0.467  0.469  0.377  0.473  0.380  0.477  0.479  0.385  0.387  0.485  0.390  0.490  0.394  0.395  0.496
  45  0.426  0.475  0.477  0.432  0.434  0.484  0.438  0.488  0.442  0.444  0.446  0.497  0.450  0.452  0.454  0.456  0.407  0.511  0.462  0.413  0.466  0.469  0.471  0.420  0.475  0.424  0.479  0.428  0.484  0.432  0.434  0.490  0.438  0.440  0.442  0.499  0.446  0.448  0.450  0.452  0.397  0.513  0.458  0.403  0.462  0.464  0.466  0.410  0.471  0.473
  50  0.387  0.389  0.423  0.392  0.393  0.395  0.396  0.398  0.400  0.401  0.369  0.404  0.372  0.407  0.409  0.377  0.378  0.379  0.416  0.382  0.384  0.385  0.387  0.353  0.390  0.391  0.393  0.359  0.396  0.361  0.399  0.364  0.402  0.367  0.368  0.370  0.408  0.372  0.336  0.375  0.377  0.378  0.379  0.381  0.344  0.384  0.385  0.348  0.388  0.350
  55  0.379  0.381  0.357  0.383  0.359  0.360  0.388  0.363  0.364  0.366  0.367  0.342  0.370  0.371  0.373  0.347  0.375  0.350  0.351  0.352  0.353  0.355  0.356  0.357  0.359  0.332  0.361  0.362  0.336  0.337  0.366  0.339  0.340  0.341  0.343  0.344  0.345  0.346  0.318  0.349  0.350  0.322  0.323  0.353  0.355  0.296  0.357  0.328  0.329  0.330
  60  0.401  0.402  0.404  0.388  0.407  0.391  0.393  0.412  0.396  0.379  0.399  0.401  0.384  0.385  0.387  0.388  0.390  0.391  0.374  0.394  0.377  0.379  0.380  0.381  0.383  0.365  0.386  0.368  0.369  0.390  0.372  0.373  0.355  0.376  0.378  0.359  0.380  0.362  0.363  0.364  0.366  0.347  0.368  0.370  0.350  0.372  0.353  0.354  0.355  0.357
  65  0.316  0.317  0.306  0.319  0.308  0.309  0.322  0.300  0.312  0.301  0.314  0.303  0.304  0.305  0.306  0.295  0.308  0.297  0.298  0.299  0.300  0.288  0.301  0.302  0.291  0.292  0.293  0.294  0.294  0.283  0.296  0.285  0.286  0.286  0.287  0.288  0.289  0.277  0.290  0.279  0.279  0.280  0.281  0.282  0.283  0.270  0.284  0.272  0.273  0.273
  70  0.298  0.292  0.286  0.294  0.288  0.289  0.290  0.291  0.285  0.285  0.286  0.287  0.281  0.282  0.282  0.283  0.277  0.278  0.278  0.279  0.280  0.274  0.274  0.275  0.276  0.269  0.270  0.271  0.271  0.272  0.266  0.266  0.267  0.268  0.268  0.262  0.262  0.263  0.264  0.257  0.265  0.258  0.259  0.260  0.260  0.253  0.262  0.255  0.255  0.256
  75  0.301  0.298  0.299  0.295  0.296  0.293  0.294  0.295  0.291  0.288  0.293  0.290  0.286  0.287  0.288  0.285  0.285  0.282  0.283  0.284  0.280  0.281  0.277  0.278  0.279  0.275  0.276  0.277  0.273  0.274  0.270  0.275  0.267  0.272  0.269  0.269  0.266  0.266  0.267  0.263  0.264  0.265  0.265  0.261  0.262  0.258  0.259  0.260  0.260  0.256
  80  0.347  0.349  0.345  0.343  0.345  0.341  0.339  0.340  0.339  0.335  0.336  0.335  0.333  0.332  0.330  0.331  0.327  0.328  0.326  0.325  0.323  0.322  0.323  0.321  0.319  0.317  0.316  0.317  0.312  0.313  0.311  0.312  0.311  0.309  0.307  0.305  0.306  0.304  0.305  0.300  0.301  0.302  0.297  0.298  0.296  0.297  0.295  0.293  0.294  0.292
  85  0.266  0.266  0.265  0.263  0.264  0.263  0.261  0.262  0.260  0.259  0.260  0.257  0.258  0.256  0.257  0.255  0.254  0.254  0.254  0.251  0.252  0.251  0.249  0.250  0.250  0.248  0.247  0.246  0.246  0.246  0.244  0.245  0.244  0.243  0.242  0.243  0.240  0.241  0.238  0.239  0.240  0.237  0.236  0.237  0.236  0.235  0.234  0.234  0.233  0.232
  90  0.262  0.262  0.261  0.261  0.260  0.259  0.259  0.258  0.258  0.257  0.256  0.256  0.255  0.255  0.254  0.254  0.253  0.253  0.252  0.251  0.251  0.250  0.249  0.249  0.248  0.248  0.247  0.247  0.247  0.245  0.245  0.244  0.244  0.244  0.243  0.242  0.241  0.241  0.241  0.241  0.239  0.239  0.238  0.238  0.237  0.237  0.236  0.236  0.235  0.235
  95  0.287  0.286  0.286  0.284  0.284  0.284  0.284  0.282  0.282  0.282  0.280  0.281  0.280  0.279  0.279  0.277  0.278  0.276  0.278  0.275  0.275  0.274  0.275  0.274  0.273  0.272  0.271  0.271  0.271  0.270  0.269  0.269  0.267  0.268  0.266  0.267  0.267  0.265  0.266  0.264  0.263  0.263  0.262  0.262  0.261  0.261  0.260  0.261  0.259  0.259
 100  0.289  0.289  0.289  0.287  0.287  0.286  0.288  0.284  0.286  0.285  0.283  0.284  0.284  0.282  0.282  0.280  0.280  0.280  0.281  0.278  0.278  0.277  0.279  0.277  0.276  0.275  0.275  0.274  0.274  0.272  0.272  0.274  0.270  0.272  0.269  0.271  0.270  0.269  0.269  0.267  0.267  0.266  0.266  0.266  0.264  0.265  0.263  0.264  0.263  0.261
 105  0.289  0.289  0.289  0.287  0.287  0.286  0.288  0.284  0.286  0.285  0.283  0.284  0.284  0.282  0.282  0.280  0.280  0.279  0.281  0.278  0.278  0.277  0.279  0.277  0.276  0.275  0.275  0.274  0.274  0.273  0.272  0.273  0.270  0.272  0.270  0.271  0.270  0.269  0.269  0.267  0.267  0.266  0.266  0.266  0.264  0.265  0.264  0.264  0.263  0.261
 110  0.289  0.289  0.289  0.287  0.287  0.286  0.288  0.284  0.286  0.285  0.283  0.284  0.284  0.282  0.282  0.280  0.280  0.279  0.281  0.278  0.278  0.277  0.279  0.277  0.276  0.275  0.275  0.274  0.274  0.273  0.272  0.273  0.270  0.272  0.269  0.271  0.270  0.269  0.269  0.267  0.267  0.266  0.266  0.266  0.264  0.265  0.263  0.264  0.263  0.261
 115  0.289  0.289  0.289  0.287  0.287  0.286  0.288  0.284  0.286  0.285  0.283  0.284  0.284  0.282  0.282  0.280  0.280  0.280  0.281  0.278  0.278  0.277  0.279  0.277  0.276  0.275  0.275  0.274  0.274  0.273  0.272  0.274  0.270  0.272  0.269  0.271  0.270  0.269  0.269  0.267  0.267  0.266  0.266  0.266  0.264  0.265  0.263  0.264  0.263  0.261
