   5  0.000  1.923  1.961  2.000  2.041  2.083  2.128  2.174  2.222  2.273  0.000  2.326  2.381  2.439  0.000  2.500  0.000  2.564  2.632  0.000  2.703  2.778  0.000  2.857  2.941  0.000  0.000  3.030  3.125  0.000  3.226  0.000  0.000  3.333  0.000  3.448  3.571  0.000  0.000  3.704  0.000  3.846  0.000  4.000  0.000  0.000  4.167  0.000  0.000  4.348
  10  3.448  0.000  3.571  0.000  3.704  3.846  0.000  4.000  4.167  0.000  4.348  0.000  4.545  0.000  4.762  0.000  5.000  0.000  5.263  0.000  0.000  5.556  0.000  5.882  0.000  0.000  6.250  0.000  0.000  6.667  0.000  7.143  0.000  0.000  7.692  0.000  0.000  0.000  0.000  8.333  0.000  0.000  0.000  9.091  0.000  0.000 10.000  0.000  0.000  0.000
  15  0.735  1.481  1.504  1.527  1.550  0.787  1.587  1.613  0.820  1.653  1.681  0.855  1.724  0.877  1.770  0.901  1.818  0.926  0.935  0.943  1.905  0.971  1.961  1.000  1.010  2.041  1.042  1.053  1.064  1.075  2.174  1.111  1.124  1.136  1.149  1.163  1.176  2.381  1.220  1.235  1.250  1.266  1.282  1.299  1.316  0.000  2.667  0.000  1.370  1.389
  20  1.091  1.471  1.119  1.132  1.527  1.163  1.176  1.190  1.606  1.224  1.240  1.255  0.847  1.282  1.299  1.316  1.333  1.351  1.370  0.926  1.402  0.948  1.435  1.456  0.985  1.493  1.010  1.531  1.036  1.047  1.587  1.075  1.087  1.099  1.667  1.130  1.143  1.156  1.170  1.183  1.198  1.212  1.227  1.242  1.258  1.274  1.290  1.307  1.325  0.671
  25  1.187  1.502  1.220  1.235  1.250  1.266  1.282  1.299  1.316  1.000  1.347  1.365  1.384  1.053  1.418  1.439  1.095  1.107  1.493  1.136  1.149  1.163  1.569  1.195  1.210  1.224  1.240  1.255  1.271  1.288  1.304  1.322  0.893  1.351  1.370  1.389  0.939  1.422  0.962  1.456  0.985  1.493  1.010  1.531  1.036  1.047  1.587  1.075  1.630  1.105
  30  1.344  1.362  1.105  1.397  1.416  1.149  1.453  1.180  1.493  1.515  1.231  1.246  1.262  1.278  1.294  1.639  1.333  1.351  1.027  1.384  1.404  1.068  1.439  1.460  1.111  1.498  1.141  1.154  1.167  1.575  1.200  1.215  1.639  0.833  1.261  1.277  1.293  1.310  1.327  1.345  1.364  1.382  0.935  1.415  1.435  0.971  1.471  0.995  1.508  1.020
  35  1.235  1.458  1.480  1.502  1.307  1.325  1.342  1.361  1.379  1.399  1.418  1.439  1.460  1.235  1.250  1.519  1.285  1.302  1.319  1.337  1.355  1.374  1.393  1.412  1.146  1.449  1.471  1.194  1.208  1.529  1.242  1.258  1.274  1.290  1.307  1.325  1.342  1.361  1.379  1.049  1.413  1.075  1.449  1.103  1.487  1.132  1.527  1.163  1.176  1.190
  40  1.493  1.515  1.410  1.430  1.451  1.473  1.495  1.379  1.399  1.418  1.439  1.460  1.481  1.353  1.372  1.391  1.411  1.431  1.452  1.309  1.327  1.345  1.533  1.384  1.404  1.246  1.441  1.280  1.481  1.316  1.333  1.351  1.370  1.190  1.406  1.426  1.240  1.255  1.483  1.290  1.307  1.325  1.342  1.361  1.379  1.166  1.415  1.196  1.211  1.471
  45  1.632  1.580  1.605  1.550  1.574  1.599  1.540  1.564  1.589  1.525  1.548  1.573  1.504  1.527  1.550  1.476  1.499  1.521  1.545  1.464  1.592  1.402  1.532  1.556  1.467  1.489  1.395  1.533  1.437  1.458  1.480  1.377  1.523  1.418  1.438  1.459  1.480  1.366  1.385  1.404  1.425  1.445  1.320  1.486  1.357  1.376  1.395  1.415  1.435  1.456
  50  1.500  1.418  1.438  1.459  1.426  1.447  1.412  1.432  1.395  1.414  1.435  1.395  1.415  1.372  1.392  1.411  1.366  1.385  1.405  1.357  1.376  1.395  1.344  1.362  1.308  1.325  1.343  1.362  1.380  1.322  1.340  1.278  1.375  1.313  1.330  1.264  1.365  1.298  1.315  1.243  1.349  1.276  1.293  1.310  1.232  1.248  1.263  1.378  1.198  1.313
  55  1.404  1.424  1.402  1.422  1.399  1.418  1.394  1.368  1.387  1.406  1.379  1.350  1.369  1.388  1.357  1.375  1.343  1.361  1.327  1.345  1.363  1.327  1.345  1.306  1.323  1.341  1.300  1.317  1.274  1.352  1.308  1.263  1.279  1.295  1.312  1.330  1.280  1.229  1.313  1.261  1.277  1.221  1.309  1.253  1.269  1.209  1.224  1.317  1.177  1.271
  60  1.457  1.450  1.471  1.464  1.426  1.477  1.438  1.459  1.418  1.470  1.427  1.448  1.436  1.457  1.409  1.430  1.415  1.435  1.456  1.404  1.424  1.406  1.426  1.408  1.428  1.408  1.388  1.407  1.427  1.405  1.382  1.402  1.377  1.396  1.416  1.390  1.363  1.382  1.401  1.372  1.391  1.360  1.379  1.398  1.366  1.384  1.350  1.368  1.332  1.350
  65  1.558  1.498  1.500  1.501  1.479  1.457  1.456  1.431  1.428  1.401  1.397  1.393  1.388  1.357  1.350  1.343  1.335  1.326  1.317  1.280  1.297  1.286  1.246  1.262  1.249  1.235  1.221  1.206  1.221  1.205  1.188  1.171  1.153  1.166  1.147  1.160  1.107  1.153  1.098  1.110  1.123  1.065  1.112  1.052  1.100  1.038  1.086  1.022  1.071  1.005
  70  1.495  1.479  1.450  1.445  1.439  1.406  1.399  1.377  1.368  1.344  1.334  1.322  1.310  1.282  1.284  1.269  1.239  1.238  1.222  1.204  1.202  1.184  1.164  1.161  1.140  1.136  1.113  1.126  1.102  1.078  1.071  1.064  1.057  1.049  1.041  1.013  1.023  0.994  1.004  0.974  0.983  0.972  0.961  0.949  0.937  0.946  0.912  0.920  0.906  0.915
  75  1.384  1.375  1.358  1.347  1.328  1.316  1.302  1.281  1.274  1.266  1.250  1.234  1.216  1.214  1.195  1.184  1.181  1.160  1.147  1.142  1.128  1.113  1.107  1.091  1.094  1.067  1.059  1.061  1.042  1.033  1.024  1.014  1.014  0.993  0.993  0.970  0.980  0.957  0.955  0.953  0.940  0.927  0.924  0.921  0.906  0.903  0.899  0.883  0.879  0.875
  80  1.447  1.428  1.422  1.401  1.388  1.375  1.360  1.345  1.329  1.317  1.299  1.291  1.276  1.267  1.251  1.235  1.223  1.216  1.197  1.189  1.175  1.165  1.156  1.139  1.129  1.123  1.105  1.099  1.086  1.079  1.065  1.057  1.049  1.040  1.031  1.015  1.011  1.001  0.997  0.986  0.974  0.970  0.957  0.952  0.946  0.933  0.934  0.920  0.913  0.906
  85  0.952  0.948  0.941  0.938  0.931  0.925  0.921  0.913  0.909  0.905  0.900  0.893  0.888  0.885  0.880  0.874  0.868  0.865  0.861  0.854  0.852  0.845  0.843  0.836  0.833  0.828  0.825  0.820  0.817  0.811  0.810  0.804  0.800  0.796  0.792  0.787  0.786  0.781  0.776  0.772  0.772  0.764  0.762  0.759  0.757  0.754  0.748  0.745  0.742  0.741
  90  0.870  0.866  0.862  0.860  0.856  0.853  0.850  0.846  0.844  0.841  0.838  0.833  0.831  0.829  0.825  0.821  0.818  0.816  0.813  0.808  0.807  0.803  0.801  0.797  0.794  0.792  0.788  0.785  0.782  0.780  0.776  0.775  0.770  0.768  0.764  0.763  0.759  0.757  0.752  0.751  0.748  0.746  0.742  0.740  0.736  0.734  0.732  0.729  0.725  0.724
  95  0.920  0.915  0.911  0.908  0.904  0.900  0.896  0.893  0.888  0.886  0.881  0.877  0.875  0.869  0.866  0.864  0.860  0.855  0.853  0.848  0.845  0.840  0.839  0.835  0.830  0.828  0.822  0.822  0.816  0.815  0.810  0.806  0.805  0.799  0.798  0.795  0.790  0.787  0.783  0.782  0.777  0.775  0.772  0.770  0.765  0.760  0.760  0.759  0.752  0.750
 100  0.924  0.919  0.915  0.912  0.906  0.905  0.900  0.898  0.891  0.890  0.885  0.881  0.880  0.873  0.869  0.869  0.865  0.858  0.857  0.853  0.849  0.842  0.844  0.839  0.834  0.832  0.825  0.828  0.819  0.819  0.814  0.809  0.810  0.802  0.802  0.798  0.794  0.789  0.788  0.787  0.779  0.777  0.777  0.774  0.767  0.764  0.763  0.763  0.756  0.752
 105  0.924  0.919  0.915  0.912  0.906  0.905  0.900  0.898  0.891  0.890  0.885  0.880  0.880  0.872  0.869  0.869  0.864  0.859  0.856  0.852  0.850  0.842  0.844  0.839  0.833  0.832  0.824  0.829  0.819  0.820  0.814  0.809  0.810  0.802  0.802  0.798  0.794  0.789  0.788  0.787  0.779  0.778  0.776  0.774  0.767  0.764  0.763  0.763  0.756  0.753
 110  0.924  0.919  0.915  0.912  0.906  0.905  0.900  0.898  0.891  0.890  0.885  0.880  0.880  0.872  0.869  0.869  0.864  0.859  0.856  0.852  0.849  0.842  0.844  0.839  0.833  0.832  0.825  0.828  0.819  0.819  0.814  0.809  0.810  0.802  0.801  0.798  0.794  0.789  0.788  0.787  0.779  0.778  0.777  0.774  0.768  0.764  0.763  0.763  0.756  0.753
 115  0.924  0.919  0.915  0.912  0.906  0.905  0.900  0.898  0.891  0.890  0.885  0.880  0.880  0.872  0.870  0.869  0.865  0.859  0.856  0.853  0.849  0.842  0.844  0.839  0.833  0.832  0.825  0.828  0.819  0.819  0.814  0.809  0.810  0.802  0.801  0.798  0.794  0.789  0.788  0.787  0.779  0.778  0.776  0.774  0.768  0.764  0.763  0.763  0.756  0.753
