   5  0.000  2.817  1.449  1.471  2.985  1.538  1.562  1.587  1.613  1.639  1.667  1.695  1.724  1.754  1.786  1.818  1.852  1.887  1.923  0.000  1.961  2.000  2.041  2.083  2.128  2.174  0.000  2.222  2.273  0.000  2.326  2.381  0.000  2.439  2.500  2.564  0.000  2.632  0.000  2.703  0.000  2.778  0.000  2.857  0.000  2.941  3.030  0.000  3.125  0.000
  10  0.000  5.263  5.556  0.000  5.882  0.000  6.250  0.000  6.667  0.000  7.143  0.000  0.000  7.692  0.000  8.333  0.000  0.000  9.091  0.000  0.000  0.000 10.000  0.000  0.000 11.111  0.000  0.000 12.500  0.000  0.000  0.000 14.286 ****** 14.286  0.000  0.000  0.000  0.000  0.000 16.667  0.000  0.000  0.000 20.000  0.000  0.000  0.000  0.000  0.000
  15  1.095  1.845  1.128  1.521  1.544  1.569  1.195  1.613  1.230  1.245  1.681  1.282  1.299  1.754  1.339  1.357  1.376  1.395  1.415  1.435  1.456  1.478  1.500  1.523  1.546  1.047  1.587  1.613  1.093  1.657  1.124  1.705  1.734  1.176  1.190  1.205  1.829  1.242  1.258  1.274  1.290  1.961  1.333  1.351  1.370  1.389  1.408  1.429  1.449  1.471
  20  1.434  1.323  1.475  1.361  1.379  1.399  1.418  1.439  1.460  1.333  1.351  1.370  1.389  1.408  1.429  1.449  1.471  1.327  1.345  1.533  1.211  1.401  1.421  1.441  1.463  1.299  1.504  1.336  1.354  1.373  1.392  1.411  1.431  1.245  1.471  1.493  1.299  1.316  1.556  1.354  1.373  1.160  1.408  1.429  1.449  1.471  1.244  1.511  1.279  1.295
  25  1.407  1.427  1.448  1.356  1.489  1.395  1.297  1.434  1.455  1.353  1.496  1.392  1.412  1.302  1.451  1.339  1.493  1.377  1.397  1.416  1.437  1.312  1.477  1.349  1.520  1.235  1.562  1.270  1.447  1.305  1.488  1.342  1.361  1.379  1.399  1.418  1.439  1.277  1.479  1.313  1.331  1.541  1.370  1.389  1.408  1.224  1.446  1.468  1.277  1.509
  30  1.434  1.455  1.476  1.373  1.519  1.414  1.434  1.455  1.342  1.497  1.381  1.541  1.422  1.299  1.462  1.335  1.504  1.527  1.395  1.415  1.276  1.454  1.475  1.331  1.518  1.370  1.389  1.408  1.429  1.449  1.287  1.490  1.323  1.533  1.362  1.381  1.400  1.420  1.440  1.253  1.480  1.502  1.307  1.325  1.342  1.361  1.379  1.399  1.418  1.439
  35  1.389  1.526  1.430  1.451  1.350  1.493  1.515  1.410  1.430  1.451  1.473  1.359  1.515  1.399  1.418  1.439  1.460  1.481  1.353  1.372  1.391  1.567  1.433  1.292  1.473  1.329  1.515  1.368  1.386  1.406  1.426  1.447  1.284  1.487  1.509  1.341  1.359  1.378  1.397  1.417  1.437  1.250  1.477  1.285  1.518  1.322  1.339  1.357  1.376  1.395
  40  1.463  1.485  1.424  1.444  1.466  1.487  1.421  1.532  1.464  1.393  1.507  1.434  1.358  1.475  1.497  1.418  1.439  1.356  1.480  1.395  1.415  1.435  1.456  1.364  1.382  1.519  1.305  1.442  1.463  1.361  1.380  1.399  1.419  1.440  1.328  1.346  1.501  1.385  1.404  1.282  1.443  1.318  1.484  1.355  1.374  1.238  1.411  1.431  1.290  1.471
  45  1.581  1.552  1.577  1.547  1.515  1.595  1.506  1.529  1.552  1.577  1.479  1.563  1.525  1.484  1.572  1.464  1.553  1.509  1.462  1.555  1.436  1.529  1.553  1.503  1.449  1.471  1.493  1.515  1.457  1.479  1.501  1.439  1.460  1.482  1.416  1.436  1.548  1.388  1.501  1.429  1.449  1.471  1.393  1.514  1.434  1.351  1.475  1.390  1.410  1.540
  50  1.461  1.423  1.412  1.433  1.390  1.410  1.430  1.385  1.404  1.390  1.376  1.360  1.379  1.398  1.345  1.363  1.382  1.364  1.344  1.362  1.302  1.359  1.338  1.356  1.333  1.309  1.326  1.300  1.318  1.335  1.308  1.280  1.296  1.313  1.283  1.300  1.268  1.285  1.301  1.268  1.284  1.249  1.264  1.281  1.243  1.259  1.275  1.235  1.251  1.267
  55  1.423  1.443  1.416  1.412  1.408  1.403  1.423  1.366  1.411  1.378  1.371  1.390  1.382  1.345  1.363  1.353  1.372  1.332  1.350  1.338  1.325  1.343  1.330  1.315  1.333  1.285  1.302  1.319  1.302  1.285  1.301  1.283  1.264  1.280  1.296  1.276  1.292  1.232  1.287  1.224  1.279  1.256  1.231  1.246  1.220  1.235  1.250  1.222  1.237  1.208
  60  1.502  1.507  1.493  1.479  1.482  1.485  1.468  1.470  1.472  1.473  1.454  1.454  1.454  1.454  1.453  1.430  1.428  1.449  1.424  1.420  1.441  1.413  1.409  1.429  1.399  1.419  1.387  1.406  1.399  1.392  1.384  1.375  1.394  1.385  1.375  1.365  1.384  1.342  1.361  1.379  1.367  1.321  1.372  1.358  1.343  1.327  1.345  1.328  1.346  1.329
  65  1.515  1.497  1.491  1.485  1.463  1.470  1.447  1.438  1.427  1.417  1.421  1.393  1.396  1.383  1.368  1.370  1.354  1.355  1.338  1.320  1.320  1.319  1.280  1.296  1.294  1.272  1.269  1.245  1.260  1.235  1.230  1.224  1.218  1.211  1.204  1.175  1.189  1.180  1.171  1.162  1.152  1.142  1.131  1.144  1.108  1.120  1.108  1.120  1.081  1.093
  70  1.480  1.474  1.458  1.451  1.434  1.416  1.416  1.396  1.395  1.373  1.361  1.358  1.333  1.329  1.325  1.309  1.292  1.286  1.279  1.260  1.252  1.243  1.234  1.212  1.215  1.191  1.192  1.181  1.168  1.155  1.155  1.141  1.126  1.125  1.110  1.108  1.091  1.088  1.070  1.067  1.063  1.044  1.055  1.019  1.030  1.024  1.019  0.997  0.990  0.983
  75  1.417  1.411  1.398  1.384  1.375  1.359  1.355  1.338  1.332  1.320  1.313  1.293  1.291  1.275  1.266  1.256  1.245  1.234  1.229  1.216  1.203  1.197  1.190  1.175  1.167  1.159  1.142  1.140  1.130  1.120  1.117  1.098  1.094  1.090  1.077  1.072  1.058  1.053  1.038  1.040  1.034  1.018  1.011  1.003  1.004  0.986  0.987  0.978  0.969  0.959
  80  1.489  1.484  1.464  1.457  1.443  1.428  1.419  1.405  1.395  1.384  1.368  1.359  1.350  1.335  1.324  1.313  1.296  1.292  1.278  1.268  1.258  1.246  1.235  1.222  1.218  1.200  1.191  1.185  1.175  1.159  1.152  1.145  1.133  1.125  1.116  1.108  1.093  1.089  1.079  1.074  1.057  1.051  1.051  1.033  1.032  1.019  1.011  1.003  1.001  0.986
  85  1.007  1.004  0.997  0.992  0.987  0.981  0.977  0.971  0.966  0.962  0.957  0.951  0.946  0.942  0.936  0.933  0.927  0.922  0.917  0.914  0.907  0.905  0.899  0.895  0.891  0.886  0.882  0.877  0.872  0.869  0.866  0.858  0.857  0.851  0.849  0.843  0.839  0.837  0.832  0.828  0.825  0.820  0.815  0.815  0.809  0.803  0.803  0.799  0.793  0.792
  90  0.912  0.908  0.906  0.903  0.900  0.896  0.894  0.890  0.887  0.885  0.882  0.878  0.875  0.872  0.869  0.866  0.863  0.860  0.857  0.854  0.850  0.848  0.845  0.842  0.839  0.836  0.833  0.829  0.827  0.824  0.821  0.817  0.815  0.813  0.808  0.807  0.803  0.801  0.797  0.794  0.792  0.788  0.786  0.783  0.781  0.777  0.774  0.772  0.769  0.767
  95  0.951  0.948  0.945  0.941  0.938  0.933  0.931  0.927  0.926  0.921  0.917  0.913  0.911  0.907  0.904  0.900  0.897  0.893  0.891  0.884  0.885  0.880  0.876  0.873  0.870  0.867  0.863  0.861  0.856  0.853  0.850  0.848  0.843  0.839  0.837  0.835  0.829  0.829  0.823  0.822  0.817  0.816  0.810  0.810  0.805  0.801  0.798  0.797  0.791  0.790
 100  0.951  0.949  0.945  0.941  0.940  0.933  0.931  0.927  0.928  0.922  0.917  0.914  0.912  0.907  0.906  0.900  0.898  0.895  0.894  0.884  0.888  0.881  0.877  0.875  0.871  0.870  0.864  0.864  0.857  0.856  0.852  0.849  0.844  0.840  0.841  0.837  0.830  0.831  0.824  0.824  0.818  0.818  0.811  0.812  0.808  0.803  0.799  0.801  0.791  0.793
 105  0.951  0.948  0.945  0.941  0.940  0.933  0.931  0.927  0.927  0.922  0.918  0.914  0.912  0.907  0.906  0.900  0.899  0.895  0.894  0.884  0.888  0.881  0.878  0.874  0.871  0.870  0.864  0.863  0.857  0.856  0.851  0.850  0.844  0.840  0.841  0.837  0.829  0.831  0.824  0.824  0.818  0.818  0.811  0.813  0.808  0.802  0.799  0.801  0.791  0.793
 110  0.952  0.948  0.945  0.941  0.940  0.933  0.931  0.927  0.927  0.922  0.918  0.914  0.912  0.907  0.906  0.900  0.899  0.895  0.894  0.884  0.888  0.881  0.877  0.875  0.871  0.870  0.863  0.864  0.857  0.856  0.852  0.849  0.844  0.840  0.841  0.837  0.829  0.832  0.824  0.824  0.819  0.818  0.811  0.813  0.807  0.802  0.799  0.801  0.791  0.793
 115  0.951  0.948  0.945  0.941  0.939  0.933  0.931  0.927  0.927  0.922  0.918  0.914  0.912  0.907  0.906  0.900  0.898  0.895  0.894  0.884  0.888  0.881  0.877  0.875  0.871  0.870  0.863  0.864  0.857  0.856  0.851  0.849  0.844  0.840  0.841  0.837  0.829  0.831  0.824  0.824  0.819  0.818  0.811  0.813  0.808  0.802  0.800  0.801  0.791  0.792
