   5  1.087  1.099  1.111  1.124  1.136  2.299  1.176  1.190  1.205  1.220  1.235  1.250  1.266  1.282  1.299  1.316  1.333  1.351  1.370  1.389  1.408  0.000  2.857  0.000  1.471  1.493  1.515  1.538  1.562  1.587  0.000  1.613  1.639  0.000  1.667  1.695  1.724  1.754  0.000  1.786  0.000  1.818  1.852  0.000  1.887  1.923  0.000  1.961  2.000  0.000
  10  4.000  0.000  4.167  4.348  4.545  0.000  4.762  5.000  0.000  5.263  5.556  0.000  5.882  6.250  0.000  6.667  7.143  0.000  7.692  0.000  8.333  0.000  9.091  0.000 10.000  0.000 11.111  0.000 12.500  0.000  0.000 14.286  0.000 16.667  0.000  0.000 20.000  0.000 25.000  0.000  0.000 33.333  0.000 50.000  0.000  0.000  0.000  0.000  0.000  0.000
  15  0.829  0.836  0.843  0.850  0.857  0.576  0.870  0.877  0.885  0.595  0.898  0.906  0.610  0.920  0.619  0.935  0.943  0.635  0.639  0.965  0.649  0.980  0.660  0.997  0.671  0.676  1.020  0.687  0.692  0.697  1.053  0.709  0.714  0.719  0.725  1.095  0.738  0.743  0.749  0.755  0.760  0.766  0.772  1.167  0.394  0.791  0.797  0.803  0.810  0.816
  20  0.711  0.818  0.722  0.727  0.732  0.738  0.743  0.749  0.754  0.760  0.766  0.662  0.777  0.783  0.676  0.795  0.686  0.691  0.812  0.702  0.707  0.830  0.598  0.842  0.728  0.733  0.739  0.744  0.750  0.756  0.635  0.766  0.772  0.649  0.783  0.658  0.795  0.801  0.673  0.678  0.682  0.824  0.693  0.837  0.703  0.708  0.713  0.718  0.724  0.729
  25  0.759  0.765  0.686  0.777  0.783  0.789  0.707  0.801  0.717  0.723  0.819  0.734  0.739  0.745  0.750  0.756  0.762  0.768  0.774  0.682  0.785  0.791  0.698  0.803  0.709  0.714  0.821  0.725  0.730  0.840  0.636  0.746  0.859  0.758  0.655  0.769  0.775  0.781  0.675  0.793  0.685  0.805  0.695  0.700  0.823  0.711  0.716  0.721  0.847  0.733
  30  0.830  0.837  0.750  0.756  0.857  0.768  0.774  0.780  0.787  0.793  0.799  0.806  0.812  0.716  0.825  0.728  0.838  0.739  0.851  0.751  0.757  0.763  0.768  0.885  0.781  0.787  0.680  0.799  0.806  0.812  0.702  0.824  0.713  0.837  0.724  0.851  0.735  0.741  0.746  0.752  0.758  0.763  0.897  0.647  0.781  0.787  0.794  0.800  0.672  0.812
  35  0.808  0.905  0.822  0.829  0.836  0.843  0.850  0.762  0.864  0.774  0.878  0.886  0.794  0.801  0.807  0.814  0.821  0.827  0.834  0.841  0.848  0.749  0.862  0.870  0.768  0.773  0.891  0.787  0.793  0.799  0.806  0.812  0.819  0.825  0.832  0.719  0.845  0.731  0.859  0.866  0.749  0.755  0.887  0.767  0.773  0.779  0.785  0.792  0.798  0.804
  40  0.955  0.900  0.844  0.916  0.859  0.933  0.874  0.882  0.890  0.829  0.905  0.914  0.851  0.858  0.938  0.874  0.882  0.815  0.897  0.905  0.837  0.844  0.851  0.859  0.866  0.874  0.881  0.808  0.896  0.822  0.912  0.837  0.844  0.851  0.858  0.779  0.873  0.880  0.799  0.895  0.813  0.820  0.918  0.834  0.748  0.942  0.760  0.862  0.870  0.780
  45  0.979  0.947  0.956  0.966  0.933  0.941  0.950  0.959  0.969  0.934  0.943  0.952  0.961  0.970  0.933  0.942  0.951  0.912  0.920  0.978  0.938  0.897  0.955  0.914  0.973  0.931  0.940  0.896  0.957  0.913  0.921  0.930  0.939  0.892  0.956  0.909  0.917  0.925  0.934  0.884  0.951  0.900  0.909  0.917  0.925  0.934  0.880  0.951  0.896  0.904
  50  0.971  0.956  0.965  0.975  0.959  0.943  0.952  0.935  0.944  0.953  0.935  0.944  0.926  0.934  0.915  0.896  0.932  0.912  0.921  0.900  0.909  0.887  0.925  0.873  0.912  0.889  0.897  0.874  0.882  0.890  0.866  0.873  0.881  0.856  0.863  0.871  0.845  0.886  0.825  0.867  0.874  0.847  0.818  0.861  0.832  0.839  0.809  0.853  0.823  0.830
  55  1.016  1.026  1.017  1.028  0.999  1.009  0.999  0.988  0.998  0.987  0.976  0.985  0.973  0.983  0.949  0.980  0.945  0.976  0.940  0.949  0.935  0.944  0.953  0.914  0.946  0.931  0.915  0.923  0.907  0.915  0.898  0.906  0.888  0.896  0.904  0.886  0.894  0.874  0.882  0.862  0.870  0.877  0.856  0.864  0.871  0.850  0.857  0.835  0.872  0.849
  60  1.191  1.205  1.188  1.187  1.169  1.183  1.181  1.162  1.158  1.172  1.152  1.165  1.144  1.139  1.152  1.129  1.142  1.137  1.131  1.106  1.118  1.131  1.104  1.096  1.109  1.101  1.113  1.084  1.096  1.086  1.077  1.067  1.078  1.090  1.057  1.046  1.080  1.045  1.056  1.044  1.055  1.042  1.028  1.039  1.025  1.035  1.021  1.031  1.016  1.026
  65  0.887  0.895  0.893  0.880  0.877  0.875  0.872  0.858  0.865  0.862  0.847  0.855  0.840  0.835  0.843  0.838  0.834  0.817  0.824  0.819  0.814  0.808  0.803  0.797  0.804  0.798  0.791  0.785  0.791  0.785  0.778  0.771  0.764  0.770  0.762  0.755  0.760  0.753  0.758  0.750  0.742  0.733  0.739  0.744  0.721  0.726  0.732  0.722  0.713  0.718
  70  0.783  0.777  0.776  0.769  0.769  0.761  0.761  0.753  0.752  0.744  0.749  0.734  0.740  0.731  0.730  0.721  0.726  0.717  0.715  0.712  0.710  0.700  0.705  0.695  0.700  0.690  0.687  0.684  0.680  0.677  0.674  0.679  0.667  0.663  0.668  0.656  0.660  0.656  0.652  0.648  0.644  0.648  0.635  0.648  0.626  0.639  0.634  0.620  0.624  0.628
  75  0.769  0.763  0.761  0.759  0.753  0.747  0.744  0.742  0.739  0.736  0.729  0.726  0.719  0.720  0.717  0.713  0.705  0.706  0.702  0.698  0.694  0.690  0.690  0.681  0.681  0.677  0.677  0.672  0.667  0.667  0.657  0.661  0.656  0.650  0.654  0.644  0.648  0.637  0.641  0.630  0.634  0.628  0.627  0.626  0.624  0.618  0.616  0.615  0.608  0.611
  80  0.845  0.840  0.837  0.829  0.826  0.820  0.816  0.810  0.806  0.802  0.795  0.793  0.786  0.781  0.779  0.774  0.769  0.764  0.758  0.758  0.750  0.747  0.744  0.740  0.734  0.730  0.727  0.723  0.719  0.715  0.711  0.707  0.705  0.698  0.696  0.695  0.686  0.685  0.683  0.678  0.676  0.670  0.668  0.666  0.660  0.657  0.658  0.649  0.649  0.647
  85  0.581  0.576  0.576  0.571  0.569  0.567  0.563  0.562  0.557  0.556  0.553  0.552  0.549  0.545  0.544  0.541  0.538  0.537  0.532  0.532  0.528  0.526  0.525  0.521  0.520  0.516  0.516  0.511  0.511  0.509  0.505  0.505  0.501  0.500  0.497  0.496  0.492  0.493  0.487  0.488  0.484  0.483  0.482  0.478  0.477  0.476  0.473  0.472  0.469  0.467
  90  0.535  0.534  0.532  0.529  0.527  0.526  0.523  0.521  0.520  0.518  0.516  0.514  0.513  0.510  0.508  0.506  0.505  0.503  0.500  0.499  0.496  0.496  0.492  0.491  0.490  0.488  0.485  0.483  0.482  0.481  0.479  0.477  0.475  0.473  0.471  0.470  0.468  0.467  0.464  0.463  0.461  0.460  0.457  0.456  0.455  0.453  0.450  0.450  0.448  0.445
  95  0.576  0.575  0.572  0.570  0.567  0.566  0.564  0.562  0.560  0.557  0.555  0.553  0.551  0.550  0.546  0.547  0.543  0.541  0.539  0.536  0.536  0.532  0.530  0.529  0.527  0.525  0.522  0.522  0.518  0.518  0.514  0.513  0.511  0.509  0.507  0.505  0.504  0.502  0.499  0.498  0.495  0.493  0.492  0.489  0.489  0.487  0.484  0.483  0.480  0.478
 100  0.579  0.578  0.575  0.572  0.570  0.570  0.566  0.565  0.563  0.561  0.558  0.556  0.554  0.554  0.548  0.551  0.546  0.545  0.542  0.539  0.540  0.536  0.534  0.533  0.531  0.529  0.526  0.526  0.521  0.522  0.517  0.518  0.515  0.513  0.511  0.508  0.508  0.505  0.503  0.502  0.499  0.497  0.496  0.492  0.494  0.491  0.487  0.488  0.484  0.482
 105  0.579  0.578  0.576  0.572  0.570  0.569  0.566  0.565  0.563  0.561  0.558  0.557  0.554  0.554  0.548  0.551  0.546  0.545  0.543  0.539  0.540  0.536  0.534  0.533  0.531  0.529  0.526  0.526  0.521  0.522  0.517  0.518  0.515  0.513  0.511  0.508  0.508  0.505  0.503  0.502  0.500  0.497  0.496  0.493  0.493  0.491  0.487  0.488  0.484  0.482
 110  0.579  0.578  0.576  0.572  0.571  0.569  0.566  0.565  0.563  0.561  0.558  0.557  0.554  0.554  0.549  0.551  0.546  0.545  0.543  0.539  0.540  0.536  0.534  0.533  0.531  0.529  0.526  0.526  0.521  0.522  0.517  0.517  0.515  0.513  0.510  0.508  0.508  0.505  0.502  0.502  0.499  0.497  0.496  0.493  0.493  0.491  0.487  0.488  0.484  0.482
 115  0.578  0.578  0.576  0.572  0.570  0.569  0.566  0.565  0.563  0.561  0.558  0.557  0.554  0.554  0.548  0.551  0.546  0.545  0.543  0.539  0.540  0.536  0.534  0.533  0.531  0.529  0.526  0.526  0.521  0.522  0.517  0.518  0.515  0.513  0.511  0.508  0.508  0.505  0.503  0.502  0.500  0.497  0.496  0.493  0.493  0.491  0.487  0.488  0.484  0.482
